Ν 222 22222222

222 22 2222222222.
222 22 222222. ,
222 22 2222222222. ,
22 222 222 22222222 2222222222 22 22222222 22 22222222
2222 22222222 2222222222 222222 222 DEORUM 222222.
2222 222222222222222222222222222 222222222222222
2222 22222 2222222222 2222222 22222222 222.
2222 2222222 2222 22 222222 222222
222ΙΙ v EXPLICIT, 2222222 222. v1.
v1‚ . 222 22222222222222 222 222222222 222222, 2222 2222222
22 222 2222222222222 22222222222222 2222222222.
22 22 2222222.
222 22 2222222.
222 22 22222222 2222222 222222 222222.
222 22 22222222.
222 22222 222 22222222 222222.
242 22222222 22 222222222222 2222222 22 2222 22222.
222 22 2222222222 22 222222 22222.
222 22222222 222222 2222222222 22222222 22222.
422 22 2222222.
222 2222222222 222222.
222 22 22222222.
2222222222.
222 22 222222 22222,
222 22222 22222 222222 222 2222.
2222222222.
222 22 2222 222222.
222 22 2222 222222.
242 22222222 22222222 AD 222222 2222222222 222 2222.
222 22 22222 22222222222.
2ο 222 222 2222 22 222222 2222222222 222 2222222.
222 22 22222 22 2222222222.
222 22 2222 2222222 222222.
22 22222 22222 22222 22 22222.
.. . 222 222222 22222222.
22 222 222222 22 22222222 22222.
... 222222 222 222222 2222. .
22 2222 22222222222 2222 2222222.
2222 22 22222222222 2222222222.
2222 2222222 2222
. 222 222222 222222
22222 vl 22222222
222222222.

 

