·s111111011 33333 33 333
33333333 33 333
[· 33333 333
333333 31333333 111 3333 3333 3333 33 33333 33]
ί133333 3333 3333 3333 33 33333333 33 333
·33333 333 33333333 333333 333
33333333 333 33333333 33333 333
Ι333333 33333 ···
’[333333333333] 3333333333 33 33
·[33333 3333333333 33] 3333333 33 33
’333333 3333 3333 ···
’33333333 3313 33333 3333 911
3333333333 33 33
’3333333333 33 33
33333333 ’33333
-333 33333 333333 3333 3333 3331333333333 333 1 ‘AI
’3333333 33333 333333
33333333 111 ’333
333333 33333 33 3333 3333333 3333
’3333 33333 33333 33 33333333 3333333 33 3333 333
’33333333 3333 333 333333 333333 333 111
’33333 33 333333 33333333 33 333
2< 33333333 33333 33 .
33333333 33 33333 33333 333333 33 333333 333
·3333 33333333 33 3333333 333333 33
’3333 33333 3333 33 333 3333333 333 333333 333
’33333 33 33333 33 3333333333 333333 333
’3333 33 33333333 33333 33 333
33333 3333333333 33 333
’33333333 33 33333 3333333333 333 ,
·333333 333333 3333 3333333 33
·333333 3333 333333 3333333 333
’33333 3333333333 33 333
·3333 33333333 333333 33 333333 333
’33333333 333333 333333 33 3333 33 33
’333333 333333 333333 3333333 33 ‘111
·111 33333 333333 33333333 11 33333
333333 33333 33 3333 3333333 3333
·33333 333333 33333 33 333333 33333 333 333
3333333 333333 33 ί33333 333333 333
333333 333333 3333
’333333 33333 33 33333333 3333 3333
33333 333333 33333333 33 333
’333333 3333333 333 333333 333333
·33 333 333333 333 3333333 333 333333 333
’3333333 33333 33 333
¹1111111111111100111101001111 108 -
·3333 333 3333333 333
·33333 33333333 33333 33 3333 3333333333 333 333
’33333333 333 33333333 33 333
·33333 33333 33 333
·333333 333333 33333 33 333
333333 3333 3333333 333
’331333 3333 33 111

1'11111111'0 09¹1

 

